V34 :0x24 typesizes
13 typeSizes.F90 S624 0
01/12/2024  12:05:02
enduse
S 624 24 0 0 0 9 1 0 5013 10005 0 A 0 0 0 0 B 0 30 0 0 0 0 0 0 0 0 0 0 0 0 0 0 0 0 0 0 0 30 0 0 0 0 0 0 typesizes
S 625 16 0 0 0 6 1 624 5023 4 400000 A 0 0 0 0 B 0 33 0 0 0 0 0 0 1 3 0 0 0 0 0 0 0 0 0 0 0 0 0 624 0 0 0 0 onebyteint
S 626 3 0 0 0 6 0 1 0 0 0 A 0 0 0 0 B 0 0 0 0 0 0 0 0 0 2 0 0 0 0 0 0 0 0 0 0 0 0 0 0 0 0 0 0 6
S 627 16 0 0 0 6 1 624 5034 4 400000 A 0 0 0 0 B 0 33 0 0 0 0 0 0 2 12 0 0 0 0 0 0 0 0 0 0 0 0 0 624 0 0 0 0 twobyteint
S 628 3 0 0 0 6 0 1 0 0 0 A 0 0 0 0 B 0 0 0 0 0 0 0 0 0 4 0 0 0 0 0 0 0 0 0 0 0 0 0 0 0 0 0 0 6
S 629 16 0 0 0 6 1 624 5045 4 400000 A 0 0 0 0 B 0 33 0 0 0 0 0 0 4 16 0 0 0 0 0 0 0 0 0 0 0 0 0 624 0 0 0 0 fourbyteint
S 631 16 0 0 0 6 1 624 5057 4 400000 A 0 0 0 0 B 0 33 0 0 0 0 0 0 8 24 0 0 0 0 0 0 0 0 0 0 0 0 0 624 0 0 0 0 eightbyteint
S 633 3 0 0 0 6 0 1 0 0 0 A 0 0 0 0 B 0 0 0 0 0 0 0 0 0 8 0 0 0 0 0 0 0 0 0 0 0 0 0 0 0 0 0 0 6
S 634 16 0 0 0 6 1 624 5070 4 400000 A 0 0 0 0 B 0 38 0 0 0 0 0 0 4 16 0 0 0 0 0 0 0 0 0 0 0 0 0 624 0 0 0 0 fourbytereal
S 637 16 0 0 0 6 1 624 5083 4 400000 A 0 0 0 0 B 0 38 0 0 0 0 0 0 8 24 0 0 0 0 0 0 0 0 0 0 0 0 0 624 0 0 0 0 eightbytereal
S 640 23 5 0 0 18 641 624 5097 4 0 A 0 0 0 0 B 0 42 0 0 0 0 0 0 0 0 0 0 0 0 0 0 0 0 0 0 0 0 0 0 0 0 0 0 bytesizesok
S 641 14 5 0 0 18 1 640 5097 4 400000 A 0 0 0 0 B 0 42 0 0 0 0 0 2 0 0 0 642 0 0 0 0 0 0 0 0 0 42 0 624 0 0 0 0 bytesizesok bytesizesok bytesizesok
F 641 0
S 642 1 3 0 0 18 1 640 5097 4 1003000 A 0 0 0 0 B 0 0 0 0 0 0 0 0 0 0 0 0 0 0 0 0 0 0 0 0 0 0 0 0 0 0 0 0 bytesizesok
A 12 2 0 0 0 6 626 0 0 0 12 0 0 0 0 0 0 0 0 0 0 0
A 16 2 0 0 0 6 628 0 0 0 16 0 0 0 0 0 0 0 0 0 0 0
A 24 2 0 0 0 6 633 0 0 0 24 0 0 0 0 0 0 0 0 0 0 0
Z
Z
